331.5
1625.9
1009.2
2945.7
1624.2
2458.8
2917.7
465.8
2354.4
1485.6
3216
1067.6
2056.1
2806.2
2795.8
182.9
2090.2
1687.1
3066.2
830.7
2790.2
85.9
747.9
153.5
26
986.5
362.4
1509.1
129.1
78
1923.1
2658.2
1671.9
1503.4
1609.9
700.5
2367.8
847.8
2256.6
346
2520.7
1412.1
2621.5
636.6
1032.1
387.6
1589.5
2410.5
1270.3
1149.7
2661.9
1795.8
3147.4
1390.7
2452.9
2192.8
1987.2
203.5
978.2
202.6
19.6
51.6
1069.5
899.7
1933.4
860.9
1933.5
1520.2
322.9
1490.2
64.1
2241.3
1102.6
2539.7
2526.2
2785.2
2976.6
2817
284
923.1
696.6
3080
1619.2
765.5
1561.4
2822.9
1222.1
1039.5
374
447.5
1386.3
728.9
613.5
2248.1
209.9
2109.8
822.4
1398.6
975.9
2682.5
1199.1
1183.6
212.9
1906.1
1825.7
1064.4
2053.9
1130.1
1644
159.2
12.9
2969.2
2379.6
2266
9.4
1622.2
311.3
1640.9
2822.8
3148.9
2854.4
2471.5
147.4
1671.1
426.7
2108.2
733.9
2938.7
2653.1
822.8
3160.5
1567.3
568.4
924
534.3
112.4
3193.2
2295.8
2479
2497.8
312
3061.3
2421.8
1154.6
3107.1
2609.3
54.1
1797
1369.1
2578.3
426.8
333
2043.7
3034.6
1249.6
1714.9
944.8
2547.9
1266.3
1777.6
3240.9
2676.7
1953.5
2210.7
249.3
2629.1
2648.3
2649.7
1762.8
996.3
672.9
709.9
1950.8
154.7
3114.6
2932.9
998.5
741.2
2848.4
2100.3
3122.8
1459.9
825.3
2528.5
1718.6
1456
1000.9
2925
69.4
851.2
943.8
2035.4
3008.9
3233
2802.2
2197.5
1752.9
2584.3
2133.2
664.4
1976.8
1042
2210.7
2797.5
2670.3
652.9
1484.3
1114.5
2057.8
2406.3
1807.7
168.3
376.5
1585.8
1491.3
1752.3
433.5
2891.6
1136.5
915.1
1948.6
1777.3
2692.1
2308.1
434.8
1324.7
197
2491.6
3006.5
1273.7
1633.2
151
3055.2
2315.1
1710.7
2787.1
1549.4
1584
712.3
80.9
512.8
2802.4
2327.8
292.7
734.1
623.8
409.4
1592.3
1350.9
1950.4
2265.2
1231.5
592.7
1176.6
118.5
2932.4
1880.9
1621.3
609
882.6
1629.9
103
1027.3
2291.1
2272.5
704.6
2495.4
1361
637.1
897.4
1215.5
2677.7
1753.3
2963.7
2124.8
314.6
1662
440.5
2630.1
823.8
2410.6
2354.7
592.6
2969.5
2812.2
2374.7
449.1
2709.2
1933.6
1522
2829.6
1816.3
1489.7
1399.2
706.8
176.6
1511
1212.7
207.2
2580.9
1674.9
741.2
645.9
384.2
2669.7
3208
1065.1
1453.8
319.5
546.9
608.6
3239.5
2884.1
556.5
1028.2
2049.9
2002.9
3065.3
1592.2
2180
3064.1
986
1246.6
10
2868.3
1857.7
1574.9
1747.6
707.5
1571.6
2469.3
780.3
2820.4
908.2
444.2
2804.4
1483.4
3135.9
1165.4
1755.9
112.1
1376
419.3
1265.9
96.7
2121.5
801.7
1049.4
1084.3
1863.4
1967.7
350.5
2521.3
2532.5
2228.9
114.4
2463.9
2371.9
1770
300.8
1130.1
2073.1
2671.2
225.7
1924.1
2112.9
2563.4
1622.2
1024.2
1631.6
39.5
2645.8
861.4
1005.2
2095
2177.4
2535.8
2067.9
2569.9
2647.3
2668.1
1582.7
507.5
1243.9
2161.9
1410.4
1188.5
328.5
3221.5
1480.4
3219.2
704.3
2101.1
2292.6
2906.6
2009
3082.7
2714.3
2914.5
92.9
2176.1
139
728
2373.9
2081.9
1710.7
2903.6
1881.9
358.9
1251
1309.6
3071.5
2505.7
2681.7
3209.3
793.7
1897.2
1981.9
2241.4
2230.7
1225
1919.8
1808.3
3013.2
997.3
1088.4
866
771.1
255.4
1993.4
1197.6
3212.4
600.5
2662
1868.6
2569.7
2980.7
136.4
625.3
1305.1
1438.8
3086
701.5
1929.3
2594.6
3263.4
198.7
3227.9
2969.4
1339.1
1823.5
948.3
2081.7
795.1
488.3
2470
3080.4
3155.7
2943.6
1085.6
201.5
152.4
901.5
1333.6
3120.8
2657.6
972.5
1688.5
2457.8
401.4
105.5
3113.3
1872.4
441
23.4
2207
1348.4
2352.8
1774.1
1408.3
1398.7
2410.9
1798.2
1541.2
1261.1
2686.2
2722.5
2611.5
1835.8
2642.5
1300.2
1074.8
2819.3
1592.3
2750.2
2934
1507.3
2696.1
978.1
1564.6
2382.9
993.1
148.3
1883.4
2364.4
1851
703.1
439.9
150.4
3173
2361.9
3044.2
1089.9
855.5
2902.1
2618.4
479.2
3264.3
2655.7
2161.6
1911
2810.4
77.6
2240.4
1146.4
1804.9
1426
1848.1
1968.9
1354.3
420.6
858.1
1041.4
1320.2
69.6
486.5
1674
2027.4
3042.3
3096
76.4
38.3
177.2
1202.3
725.2
1445.1
1468.9
2890.8
1144.9
2399
1498.2
1585.1
2730.5
2927.4
2290.8
2909.5
1020.5
480.8
1953.9
204.7
2215.1
3045.8
3262.3
1608.2
2965.6
1713.1
2974.4
257.9
3168.5
1518
2939.4
361.6
1895.5
1292.1
500.9
519.9
318.4
1681.1
2536.1
1172.2
1082.8
881.5
972.6
3087.8
1773.7
1544.7
3275.1
1511.8
1418.3
1508.7
40.1
1873.3
1286.7
1637
2508.9
2679.6
2549.6
147
2648.9
996.8
1715.8
154.2
1719.9
2186.3
2792.2
3091.9
2572.2
822.1
1214.3
1625.3
184.7
2932.2
1087.6
424.6
36.3
785.5
1127.7
3050.3
516.2
3132.9
1009.4
3145.4
1733.5
2634
2832.5
108
3146.8
3039.5
434.4
2072.3
3222
966.3
68.7
327.1
2860
2238.3
2921.1
2516.9
2865.5
397.5
2811.9
622.4
476.1
635.6
1646.2
385.9
1435.8
365.4
934.1
1285
203.4
3130.3
1433.1
1292.5
487.6
7.5
2002.2
721.8
2482.4
1757.6
230.3
753.9
2780.9
170.5
2311.3
434.2
2155.5
841.3
2129.3
844.7
1644
2552.5
2565
577.1
1792.1
3233.4
2938.8
1044.6
1875.9
2702
2665.8
2480
846.6
240.8
744.4
2603.6
98.6
3085.9
1830.1
1748.1
3249.2
1282.7
1963.7
208.4
3201.6
354.1
751.5
1433.3
829.7
1698.8
3233.7
274.5
2959.6
2504
2535.1
2677.6
1387.7
118.7
1561.3
324.8
1850.2
580
2573.1
2319.4
3105.6
3134.1
3245.2
1546.7
1597.5
3041.1
128.2
739.7
501
889.1
2077.1
2097.5
318.5
1725.9
2135.7
288.3
2256.2
2062.6
2190.2
650.3
1546
486.4
2838.3
841.4
1945.3
447.3
356.1
348.7
2364.2
1632.3
1514.5
2323.8
3237.4
921.4
3099.2
65
3250.9
2616.4
2593.4
1086.3
1272
3230.5
3259.2
2450.8
308.3
2958.9
1434.3
3076.8
2128.5
2563.9
1201.2
2737.7
2479.3
1751.6
1644.9
1376.5
1744.3
370.5
1858.5
883.6
1658.8
2125.3
1679.4
20.6
2925.8
2477
717
1023.3
560.2
3019
3146.4
2183.7
1639.9
1232.4
1338.1
1496.4
29.5
1189.7
1502.6
2052.4
1567.6
659.6
2161.9
1670.3
1516.8
185.3
1733.3
43.7
1214.1
2695.4
1742.8
2618.4
1763.6
66.1
35.2
2050.4
2728.5
393.8
2755.3
1654.4
2646.2
643.2
316
2711.3
3109.5
1030.1
1664.8
383.7
129.3
1849.5
3250.1
1859.1
567.7
462.5
106.8
56.9
1482
1244.2
659.5
1717.4
2934.9
501.2
1929.8
609.7
1943.4
1756.4
1433.9
1230.2
2076.6
474.1
2456.5
112.7
2757.9
177.8
515.9
631.4
2782.4
2307.6
2729.9
1184.1
1766.9
2280
2364.1
3147.3
1273.7
2910.9
2870.2
1428
2433.2
2295.6
587.6
724.8
1806.5
76.9
756.4
666.5
1975
2131.3
2228.1
2767
2551.9
2069.2
2586.3
2027.9
1209.5
1498.9
1660.4
3019.9
3187.3
1574.4
2716.5
336.7
59.9
1563.6
2416.5
2573.8
1427.2
2492.1
1595.3
405
1663.9
2447.5
1735.9
506.7
1433
1259.9
2805.7
2965.5
2147.2
1143.7
102
1321
1332.6
1355.9
2326.2
843.8
2104.4
2946.5
2995.1
3129
2449.9
1996.2
2777.5
1755.8
468.2
523.4
1756.9
2632.3
920.2
349.2
225.4
2361.6
256.6
2548.6
2377.3
510.4
1015.1
713.4
2523.3
2051.4
3260.7
487.1
624.3
665.7
1024.4
1166.9
550.6
756.6
227.2
1324.5
1820.1
47.4
846.2
287.3
481.6
447.2
2410.3
1723.5
66.1
1822.6
1795.1
1004.7
2396.4
485.9
3082.5
1911.7
2115.6
2742.9
1904.2
1756.7
601.3
3221.2
74.8
319.2
864.7
581.1
3106.5
1160.6
2380.4
330.1
705.2
1731.4
43.3
1977.5
802.6
3095
2920.8
2168.4
2539.8
2915
1633
1204.8
1691
2529.7
1606.7
1994.6
2417.6
1590.5
1886.2
1941.1
1048.1
1257.8
701.2
2862.8
967.9
2538.4
2500.7
130.4
1378.1
1098
2798.7
2326.9
2623.9
1176
903.9
20.9
342.3
784.8
496
491.4
1299.1
313.2
2247.1
1122.2
397.6
3097.9
878
1918.8
880.3
1102.6
678.7
1955.5
822.1
2740.6
2900.6
1562.6
1723.2
953.4
1987.5
936.8
1619.2
842
3035.1
600.5
2304.3
1684.6
2418.7
946.4
2915.7
208.8
2961.5
3017
2919.4
1704.4
2306
1201
3131.7
985.3
2924.6
2765.1
1600.9
1706.3
2090.5
2642.7
2475
1.1
416.3
828.6
1912.7
944.3
388.3
629.9
1929.7
358.5
735.3
3033.2
3132.6
470.8
659
975.6
1016.3
1767.7
103.7
1883.6
2313.5
231.9
261.8
351
876.5
1123.8
323.3
1407.8
1668.3
3124.1
1220.2
3142.9
2852.4
45.1
2542
3090.4
1620.3
3078.2
97.6
2676.1
2560.1
2992.1
3068
2045.2
2453.7
3042.7
2857.5
2166.9
2395.4
2688
1062.6
3258.4
1459.7
610.1
2451.2
41.6
3149.6
1994.2
1727.8
2196.4
1960.1
265.6
1051
1879.2
950.3
149.9
1880
1868.8
1442.1
3109.6
1564.1
3271.4
2634.4
2359.6
510.8
808.4
1401.2
265.1
1194.3
2585.1
570.6
298.5
1563.9
1123
2848.5
2740.5
158.2
1025.8
1958.1
2179.9
2377.2
571.9
589.1
2888.3
2620.3
3111.5
1191.8
972.6
556
1436.6
2486.1
1810.4
14.3
1171.8
150.2
2010.7
2895
139.6
1620.7
1127.5
2287.6
2855
1040.3
1860.7
302.7
211
2928.7
1711.9
2382.1
62.7
1290.1
366.2
480.3
2727
2733.7
2829.8
1743.5
552.8
320.2
3272.2
388.2
434.6
3095.5
1693.5
1836
970.1
1809.1
2320.5
83.6
1777.2
1993
3253.2
980
2884.6
1622.9
1631.5
2220.7
2900.8
1937.9
907.6
3069.1
3025.1
730.4
1895
492.3
2668.9
977
222.2
2120.5
306.2
505.9
1356.7
2888.1
1702.1
2125.5
458.9
1641.5
3265.6
79
490
1293.6
1827.6
1910.8
2729.4
3275.5
1865.2
2287.1
523.6
2121.7
2662.1
625.6
2174.8
773.9
1961.8
2014.2
2379.7
7.7
1880
1521.5
215.1
2229
1204.5
2792.9
2743.8
2705.8
2446.1
2220
824.1
1927.3
1386.9
2685.7
375.7
2327.4
595.6
1279
660.8
125.2
1547.8
1875.4
2829.1
1056.3
439.5
253.6
2547.9
1935.4
1311.9
2473.5
813.1
2867.2
2764.4
1251.3
3145.2
1877.7
1363.7
545.2
1946.3
738.3
795.5
3258.4
693.9
3244.8
1053.4
3121
2660.3
1956.9
2584.4
514.4
3169.8
195.5
2967
1380.6
3111.9
3044.5
1376.3
2595.3
801.9
1217
1521.2
1590.6
2844.1
2774.1
2093.9
838.9
1259.8
2206.6
1459.8
2384.3
132.9
851.9
2354.4
2354.9
2990.8
922.7
713.7
304.2
1574.7
1923.7
111.6
545.8
1735.7
376.8
3163.4
669.1
2592.1
1968.5
1707
106
729.9
1166.6
2318.5
998.5
1116.7
2954.6
839
1469.4
1654
2410.1
1452
2698.3
1851.7
52.2
541
412.8
2547.6
1451.4
1376.8
1858.4
1283.2
385.4
2800.5
2814
2685.7
2167.6
1738
1757.7
2592.1
1234.1
1864.2
2136.9
1311.7
2386.7
2715.6
1203.4
1484.4
3051.3
891.7
1562.7
56.7
3013.9
582.7
1302.4
1922.6
1591.3
2802.7
2124
2491.4
2822.1
57.7
1173.4
2775.2
1746.1
1534.9
2718.1
980.5
1843.7
851.4
2259.9
1259.8
662.9
3202.5
2167.1
3268.1
257.1
1007.8
1585.4
72.8
2399.4
1788.9
50.7
491.1
2597.9
654.3
162.2
1821.7
1860.3
1124.2
2862.3
1136.7
1080.5
2885.4
342.6
589.1
272.1
1227.7
2723
3152.2
289.4
1947.8
1939.9
122.4
3045.9
1444.2
741.6
2507.3
1319.6
1327.1
398
2940.5
26.7
712
2931.1
2167.5
1073.4
2752.4
116.9
3127.3
220
1519
1789.9
1815.5
157
2164.6
333.3
2473
3029.8
1159.8
2528.7
1089.5
2996.4
2477.5
2711.9
809.6
1036.9
3063.6
2193.8
3231.4
339.8
535.1
1322.2
3140.9
1207.8
2318
329.5
2760.3
2959.4
692.3
879.2
966.7
2277.6
1092.1
1858.1
3046.9
2036.2
2590.5
986.3
3170.1
394.5
1533.4
2347.2
1529.3
404.1
2450.9
2087.2
1776.6
89.4
2349.7
1539
1553.5
3244.8
1330.3
358.6
383.6
1079.5
2354.7
2544.3
1684.8
999.3
679.4
1035.7
399.9
226
1146.6
3253.3
1814.1
203.9
1587.9
1016
802.7
2094.9
195.9
2902.5
3118.7
666.8
1161.6
3004.1
1581
2073.1
1066.4
858
1880.5
909
2417.3
2212.2
1034.3
1024.8
768.7
725.1
97
2374.7
1649.1
1323
35.6
2334.7
630.5
120.3
118
2584
2418.4
1287.2
149.3
1168.6
2469.6
2153.7
2969
163
463.2
721.2
2159.4
1996.7
1899.3
2743.6
530.3
1922
1784.3
630.7
1730.5
2119.9
1704.7
2917.4
893.6
2491
1819.6
1351.6
1861.8
182.2
2690.2
223.1
1700.2
2047.8
1073.2
1538.2
2813.8
176.5
1491.2
1849
3209
3155.8
1492.5
2477.5
2274.5
1115.4
1902
470.1
2114.7
3097.5
3255.9
1343.2
2489.1
1856.8
398.6
1294.9
2158.7
1362
1969.5
2882.3
1415.5
1423.6
1563.3
2007.2
2212.6
2627.9
2657.1
381.1
672.3
1372.1
1149.7
971.4
1154.6
2132.4
1392.7
1278.7
790.9
377.2
2326.5
931.3
3156.1
2580.2
109.9
2398.4
152.5
696.9
2838.6
1650.4
440.3
332.5
2160.2
3272.6
889.2
299.7
2239.4
1153.6
2324.9
3135
1727.7
1855.1
2087.1
148.2
2978.6
2293
2416.3
741.6
3143.8
2111.2
3229.4
423
2069.6
1702.2
1917.8
3122.9
1291
718.6
1495.8
2071.6
2827
458.3
580.7
2078.3
1736.7
2030.7
2578.4
574.5
799.3
408.5
1170.6
433.6
1956.2
2319.4
2415.9
1420.8
2879.5
2544.1
1238
686.7
2455.4
2281.4
2106.2
1586.3
949.7
870.1
1680.6
2256
1919.9
1930.4
289.5
2551.2
1641.4
1258.6
2609.5
776.4
2603.7
814.8
2326.9
2428.1
799
3030.3
2901
2550.3
3020.2
283.6
395.5
3245.2
952.4
2244.1
158.2
1725.2
874
1246.1
3146.6
616.8
2983.7
311
912.4
2118
2954.4
703.2
236.7
1675.8
1481
1549.6
1743.6
1765.1
2672.4
157
2634.7
2456.4
162.6
2959.2
300.9
2458.6
603.8
2961.2
1418.6
92.5
1495.7
2424
179.2
1669.1
2505.8
612.4
2348.4
510.3
2.6
2412.8
3098.9
2901.6
1358.4
410.7
1866.3
1954.9
2189.8
2618.7
1494.2
1883.7
2414
2739.7
2827.5
225.1
1012.3
1200.7
1003
1016.9
2781.2
55.6
1150.1
2510.8
3175.8
1350.4
767.5
2938.5
910.1
861.2
2365.2
679.1
1143.3
245.3
359.2
2854.1
3209.5
23.2
2532.7
2314.1
1256.6
2988.1
559.6
2579.3
1582.9
288.4
2333.3
1546
3115.4
2549.1
1273.7
414.9
526.2
3081
1910.7
1080
2303.9
1078.3
3130.2
2730.9
2036.6
1346.9
2676.2
227.7
80.3
497.1
2937.4
1553.8
761.3
661.7
2969.4
1371.8
368.6
1692.3
2655.9
76.7
2493.5
3063.3
682.4
2093.7
607.2
2480.5
2397.2
896.5
479.4
2764.6
2846.9
2456.9
2666.4
898.1
385.1
2851.9
1287.5
297.5
2862.9
1230.7
1239.8
538.7
3157.5
3187.1
1934.6
2320.4
735.6
716.1
2134.7
1554.4
132.6
1762.3
189.8
537
784.5
512.2
1651.5
259.7
844.4
760.1
2011.4
1814.6
3207.4
3160.7
2417.8
612.4
497.5
3161.6
3179
1368.2
2609.3
2178.4
139.6
1529.3
1637.8
164.4
826.2
590.6
46.7
1627.7
254.7
2633
187.4
3246.6
2106.2
716.8
2374.7
1691.7
2226.9
2217.1
1381.2
2912.2
498.8
1812.5
2343.5
2680.3
633.9
535.4
66.8
1574.3
1679.8
534.1
1701.9
1254
3049.1
1863.2
737.5
2611.4
646.5
3044.3
1943.2
1803.4
2457.5
2221.5
1928.3
1471.1
1853.1
653.1
2013.9
385.2
2510.1
2087.8
683.3
1759.9
432.2
3213.4
2985.5
197.2
589.3
1493.7
709.8
612.4
3149.1
2474.6
29.5
2887.1
775.7
447
1279.9
2324
612.4
3019.9
1015
1909.7
1009.6
1402.4
2927.2
1262.3
2154.5
2823.5
2918.8
868.6
322.6
672.8
444.6
2872
2308.3
2069.4
1412.8
1139.4
3203
1548.7
2507.2
852.8
122
911.9
860
1369.8
1432.1
3252.5
2552.2
2259.9
2500.5
2559.7
1784.2
2305.7
2206
1770.1
2496.9
2224.1
1740.9
2025.5
1855.1
557.2
961.4
2561.5
822.5
41.3
2630.3
3136.5
560.3
797.4
485.6
2550.9
727.1
926.6
801.1
1549.3
1010.3
517.3
945.5
379.8
2305.5
154.1
817.3
2579.9
2322.3
3043.4
156.5
2154.2
1691.1
2014.9
1902.5
1760.8
2244.4
3112.5
814.4
3025.2
438.6
1499.1
461.4
213.9
189
707.9
1752.9
309
2208.7
796.2
2841.5
2409.9
676.3
560.6
2718.3
2101.7
31.9
1626.8
2459.7
2869.9
802.7
590.9
2999.4
1896.3
27.4
2901.1
3213
1127.9
1057
2058.5
468
1123.9
2932.2
423.8
701.6
2358.4
162.1
2100.5
858.7
974.4
2424.7
1755.2
3181.6
390.7
156.5
1423.9
1244
2819
241
522
500.3
2093
2055
939.3
133.8
849.9
2040.9
1926.8
2252.5
1375.4
1919.4
442.5
1430.2
2983.1
576.1
1155.2
980.5
1116.3
445.1
2620.9
2408.5
1379.7
1865.5
3151.7
1319.8
1092.3
3128.4
2723.9
1768.4
721.2
2629.4
1845.1
402.5
1062.8
1180.9
3219
1541.5
2657.5
900.5
743.9
1437.7
2625.7
2006.7
1004.3
2853.8
2133.4
491
2811.1
1487.7
14.9
1106.1
2884.2
2099
2146.6
2762.4
2388
2591.3
2435.6
264.9
493.5
628.3
1063.6
2081.4
2102.7
358.9
2743.2
3214.8
2976.5
1741.6
1643.1
1346.2
2335.6
2468.5
598.2
1873.4
2900.2
1536.4
2447.4
1708.2
2563.4
1696
1455
2315.5
3198.4
3102.4
1131.9
2533.8
1474.6
1784.1
1215
2002
288.5
1635.5
3059.9
1775.2
2409.2
1122.5
2418.4
186.2
2004.4
2728.5
2473.1
28.3
1185.9
3051.5
2992.7
2176.2
1701.9
1750.8
1756.4
1722.9
2192.1
361.4
157.4
1069.2
287.5
2958.6
3258
338.8
476.2
2799.9
2928.9
2494
804.4
2970.1
3158.7
76.5
1933.2
2729.2
799.4
611.2
1788.6
864.6
495.5
1891.6
2940.5
176.2
3275.7
397.6
2504.8
2137.8
1680.4
3047.7
1531.7
2076.7
2823.7
1019.2
398.8
129.2
852.1
354.3
788.8
2269.7
2118.9
2551.4
428.9
456.9
1597.6
368.4
1174.9
1221.4
747.9
0.9
230.4
3264.3
1400.6
514.6
1469
3222.5
340.8
675.9
266.4
2259.8
1074.5
106.1
1747.7
887.6
1921.8
2643.2
2918.6
551
3137.3
1944.3
1862.8
2661.6
2030.5
3086.9
519.8
672.7
2403.2
1221.4
1965.4
1755.1
722.3
522.6
1478
1579.6
1560.6
1046.9
1802.4
1193
1785.6
698.4
2744.3
2600.9
2582.9
2169.1
2060.2
3229.9
1900.6
3244.4
372.6
1252
188.1
2936.6
1203.1
2450.1
1506.2
1839
2127.4
1285.6
283.3
2946.6
913.6
2215.9
1331.4
1169.1
2818.5
1491.3
1136.1
548.4
472.9
2034
974.1
1531.5
1005
1289.7
2807.8
588
3020.2
1715.8
2805.7
228.3
1363.1
181.8
2251.7
2900.3
922.4
2669.4
1538.8
3202
2718.1
885
288.4
1042.5
2513
3049.4
2057.5
1035.5
1232
3048.2
800
1096.8
1897.2
3144.7
3251
1067.1
2191.6
653.6
2140.5
1561.9
3233.5
1347.5
279.5
933.4
1078.1
2765.3
426.5
3144.8
1187.9
360.5
1994.7
1842.4
2728
2259.1
1427.4
2578.6
2758
707.6
1256.7
2596.2
3221.5
667.1
1737
3233.6
1993
1207.5
3004.5
576.5
32.9
664.4
1484.2
3200.5
2636.8
3134
1945.2
2970
952
2241.5
2706.9
167
221.3
1677.6
1613.9
2359.4
2285.8
2563.7
3220.8
3258.2
2251
756.1
2712.2
1874.5
1876
2793.7
2367.3
2687.7
1285.7
2018.5
49.6
1433.2
1057.8
2215.9
2254.1
2077.3
2498.2
813.5
1192.4
774.2
2112.1
2601.7
1215.2
2034.8
852.1
2228.1
1286.7
2900.9
1213.1
3153.4
2424.9
525.3
2925.7
1490.1
2527.2
1549.6
3084.3
2411
1622.7
205.5
1632.3
826.3
2905.6
1836.5
1657.4
569.5
3100.5
3060.4
2140
515
114.6
1991.6
2101.5
2205.2
1693.1
2173.1
687.5
179.1
777.3
1717.3
2301.2
3027.3
2861.1
118.2
1493.2
488
2232.1
1126.2
2597.4
3254.3
2224.1
1550.9
2944
1993.4
2581.2
87.9
1192.5
1739
3186
2928.1
2215.8
1096.8
2955.9
1262.9
1433
332.6
563.8
2301
1942.7
2811.4
1999.9
438.4
1480.4
2106.1
2309.6
2962.6
2549.5
1165.1
2230.9
211.6
2413.1
150.1
850.7
1121.5
3186.3
2611.8
2066.2
1145.1
1993.6
2829.1
2184.8
199.7
1433.7
700.5
3003.5
3161.7
312.3
463.3
1316.1
2601.8
1610.6
304.9
2465.8
795.9
927.5
1232.4
2339
1894.4
2191.5
2942.8
1801.1
1792.2
945
1953.5
1247.3
1609.4
1656
2333.6
3223.6
237.7
2807
1866.2
283.4
1688.8
3109.6
27.7
2248.6
2533.8
1914.5
444.3
1397.2
1722.6
1291.9
1783.8
1836.6
1347.7
2512.1
2170.1
1753.4
1320.9
1123.9
1249.2
2370.8
2403.1
2852.9
2057.2
1117.1
893.8
2257.9
93.8
236.7
2528
2071.9
1075.1
1457
2842.5
2060.3
2340
1555.9
880.5
2554
2321.4
2043
51.5
641.9
2548
1924.2
753.6
1243.1
1051.2
3145.5
836.4
1382.8
626
964.8
1958.7
2659.4
1329.4
1952
1871.4
397.7
664.6
2546.3
173.7
1197.1
325.4
362.3
848.8
987.4
351.8
664
3082.9
1514.9
2508.1
1724.9
2994.1
646.9
457.5
137.5
1052.8
1652.4
1482.9
3066.7
1776.2
3058.4
1621
35.1
475.9
1133.2
1559.6
2479.3
2626.3
2642.5
1547.4
2082.8
1818.7
1284.3
408.3
1998.7
1190.3
647
2444.7
1461.5
1016.8
1050.7
1616.4
2702.7
1312.7
347.7
2486
2589.4
1110.2
1411.3
1440.4
1856.8
662.7
1018.9
788.8
907.3
1350.7
2012.8
2182.1
1938.2
2983.3
506.7
2804
2757.3
3102.3
3127.8
3036.6
2046.8
1259.5
3126.2
3176.3
1434.1
3044.6
3107.8
1179.8
1194.9
617.8
116.3
1782.9
1158.9
3169.8
1160.5
3097.3
367.9
2312.6
1293.8
520.5
503.7
1527.8
2175.7
276.3
79.9
1231.1
3219.9
502.3
801.2
3042.8
661.3
1014.3
3253.1
190.3
2013.1
2941
217.8
1247.2
2771.8
376.9
485.4
1706.9
1656
611.5
2982.8
3024.3
1233.6
2995.2
3240.8
176.3
1413.6
2490.4
1174
1331.3
1469.1
396.5
444.4
676.1
1682.2
3100.6
1149.5
761.1
618.3
1174.2
2322.4
2133.7
2057.1
1416.5
2875.8
915
1374.8
2584.4
1093.6
564.9
1447.5
518.2
964.5
3122.5
1657
1874.1
2521.1
2552.4
239.8
1102.7
864.6
1187.5
2709.9
1465.1
530
3088.8
1232
1956.7
1057.5
2033.9
2871.6
1440.3
3025.1
3151.3
2785.6
840.2
237.6
887.1
3218.3
2270.3
773.7
1470.9
579.7
2332.7
3264.6
2739
2150
1395.7
596.8
3095.8
1242
3151.7
2949.1
1625.3
1853.9
49.3
1624.1
2150
1985.1
818.5
3207.6
2910.1
433.2
658.3
3089.9
1045.6
1780.2
2733
1667.3
105.1
2466.4
1377.8
1069.1
614.6
1472.4
2890.8
533.7
1250.4
2124.5
866.2
367.8
479.6
2667.5
1607.8
3121.1
3275.9
1103.8
191.5
2248.9
3111.6
2112.1
2717.2
2602.2
2817.7
2392
1872
757.7
1913.4
1230.4
1345.4
2295.3
890
2806.2
2771.8
758
2479.9
1323.4
1588.7
1956.4
1412.7
685.3
513.8
1969.4
1670.8
817.7
1831.8
2501.3
319.2
2354.5
302.2
1438.9
3136.1
1114.5
136.8
2947.6
1287
1145.5
2493.6
1335
485
1380.1
41.2
2679.2
2387.9
1064.1
408.1
2407.6
184.6
1938.3
382.2
2483.9
2807.6
3183.7
1487.9
2772
2270.2
3156.1
1914.1
1084.3
144.8
640.6
2990
2017.2
1126.6
3102
1228.5
270.3
1227.7
1891.3
856.5
809.5
3062.1
528
1467.8
2250.2
571.1
312.9
2271.6
2543.7
1694
3176.9
510.7
2494.8
1842.2
1556.4
2583.1
658
2896.3
2092.8
2505.1
1014.7
414.4
519.6
1955
765.6
1004
408
319.5
2577.5
2374.9
2966.3
2769.7
2235.1
1303
1580.2
1001.9
2589.8
1344.2
41.5
884.7
1480.5
330.7
2953.8
2496.4
1241
1579.8
540.2
238.4
575.4
2631.5
1200
261.6
34.2
2168.8
2965.1
1649.3
1531.1
1876.3
3081.6
850.7
366
1289.5
2400
1856.2
2623.7
1714.2
2220.9
3133.8
876.6
884
2708.2
2798.7
44.6
988.3
514.5
2868.3
124.8
1909.2
1288
1645.2
1430.5
2298.9
2104
954.1
1311.6
3274.3
2090
892.7
2119.4
1315.4
2841.7
2269.1
2667
1188.2
1191.6
2491.4
2776
2712.4
1465.3
1806.9
2992.8
2023.4
633.8
2379
2851
470.7
2989.5
715.1
2699.1
2821.5
1368.5
1809
2641.8
1185.7
1208.8
3082.4
335.6
1699.8
1530.2
2703.8
848.1
1910.9
2569.3
28.4
1001.2
2113.5
33.1
141.6
728.1
1178.5
2936.4
77.9
587.3
1144
2216
1466.6
1919.8
599.6
2456.3
962.4
1559.9
1133.6
1320.1
3210.5
863
320.1
2803.3
1153
1299.1
2070
1337.7
1192
3100.4
1439.7
3199.5
1972.7
2147.2
933.4
2586.2
1025.2
1581.6
2287.7
1758.4
286.8
566.5
1283.3
2437.9
2823.8
2890.1
1660.6
2154.1
1265.4
1284
318.2
1374.1
2698.7
3089.8
2470.7
2677
2062.8
715
2558.6
1257.4
1219.1
1664.3
2696.2
445.1
2121.8
1926.4
1171.8
2374.9
2451.8
1119.7
3125.5
940
780
2156.7
2304.6
2529.1
304.1
2082.9
2403.2
99.8
1839.3
2044.9
673.8
1454.3
1320.7
446.5
2316.7
1227.5
2161.2
523.1
1441.6
726.8
2014.6
2946.9
385.1
1180.6
332.7
1587.7
3178.4
2446.2
2652.6
2191.2
2518.4
1544.5
2463.9
181.3
896.6
135.3
1790.1
2884.4
41
2194.8
2182.5
2890
2601.2
1177.8
1045.3
953
2831.8
183.7
358
1537
374.1
2153.1
452.8
760.3
782.5
504.3
2298.8
1253.5
851.5
2263.5
780.4
1603.2
1033.5
2689.3
2251.3
1444.1
404.2
2425.2
2978.5
2639.5
82.1
2565
1076.6
1739.9
49.9
3130.7
1486.1
34
2176.7
2605.5
1399.5
167.3
1113.8
1082.7
883.5
2535.7
2074.8
1399.4
3166.7
3196.5
1299.2
982.7
186.4
3228.6
978.9
1546.7
2891.8
1792.4
997.7
3153.2
487.7
2481.8
3221.7
3220.5
3140
1942.7
179.1
3038.8
3178.3
180
253.2
3053.7
2761.6
1528.2
2243.8
2585.3
2024.2
3109.1
912.3
1626.8
642.6
2009.6
1901.4
729.4
1866.6
1621.8
3126.5
3173.2
3141.4
2500.6
2950
2320.1
1688
780.1
2065.3
949.5
2443.9
2443.1
420.1
2874
1025.2
1116.6
1980.2
697.2
1203.7
3054.3
2449.8
1592.9
237.3
1105.3
2239.8
278.3
1546.7
989.7
140.6
45.3
1185
1679.6
158.8
849.8
1039.4
439.8
82.7
2896.4
1764.4
2968.8
789.8
424.7
2173.2
1059.7
1583.3
1024.3
681.8
3081.4
910.7
2589.5
2598.5
1053.4
519.7
2560.5
2637.2
2214.6
2912.6
1054.2
2151.7
2307
155.1
441.5
980.8
2257.2
2882.9
2295.6
461.6
1185.4
2703.7
991.6
100
1887
2035.9
1096.5
1518.9
1037.9
1304.6
2124.2
2171.4
270.3
2168.7
731.4
2271.6
537.6
1897.6
3082.7
875.9
2809.2
1526.7
2431.8
1290.4
452
2909.1
3122.1
1738.1
2721.7
909.3
177
1290.5
2632.4
1562.7
2238.6
276.5
716.4
354.9
469.8
2232.3
1220.3
599.3
670.4
3162.1
498.7
2788.5
1562.1
1385.4
2115.6
2299.4
446.6
634.2
3049.7
1695.6
943.3
355.6
1895.8
2915.1
2430.1
1585.5
2952.5
1973.2
1598.9
2691.8
1549.7
618.8
2132.5
243.3
3150.6
1869.2
657.3
2071.1
2599.5
584.9
682.9
2243.3
2263.2
1545.4
3021.7
385.5
1993.2
820.4
1462.6
1960.9
332.2
2220.2
1005.4
23.3
2153
1342.1
2232.1
2850.3
63.8
2443.3
1890
3114.1
133.3
656.9
2414.9
2148.5
288
1334.7
1826.2
1352.7
1765.2
2481.5
2597.8
2203.1
1295.9
2232.2
1104.5
2277.5
1803
3211.8
2803.6
2549.7
2395
365.2
1812.6
252.7
2165
2738.1
2810.5
2227.8
1512.5
429.3
987.1
289.6
2729.6
2564.1
1243.4
2508.1
123
1801.9
2198.2
2954.9
734.1
1057.9
3267
197.6
394.4
552
2966.6
2796.6
2051.5
2219.9
835.1
1015.6
1104.7
1689.9
613.5
286.2
1747.1
1923
863.5
611.5
2160.1
2335.1
158.3
1063.8
2728.1
776.5
3022.1
2036.6
1331.5
1508.3
1326
2484.8
396.8
1015.6
2512.1
857.9
2868.2
502.4
711.1
238
2118.7
524
1446
172.3
1946.7
387.1
2542
1926.2
2864.9
372.9
2612.9
3093.3
657.2
3198.4
2002.7
1735
2222.6
2939.7
2017.3
2369.8
3101.6
432.4
93.6
1386.3
517.1
605.1
3124.4
3183.1
2708.7
1268.4
879.6
2010.5
258.2
905.6
387.3
478.3
1088.3
2220.7
955.4
2981.6
3080.7
2943
865.9
2579.8
2719.6
3074.4
620.3
1161.8
2180.1
417.6
2018.6
2788.7
1856.5
293.3
716.3
386.8
3009.5
1455.9
1034.2
540.6
972.5
498.5
1514.5
1699
150.7
2972
2933.6
36.6
1762.3
1588.3
373.1
544.2
2107.5
1483.6
1229.5
2729.3
1468.3
482.2
1272.7
762.5
2441.5
1060.6
3231.7
218.7
1085
1274.3
186.7
2773.4
2108.4
2023.3
1695.1
326.3
2505.3
859.3
1989.5
2001.7
1074
3155.9
944.9
1149
1159.9
1182
91.8
819.7
1808.3
1054.7
2450.3
1568.2
366.3
2235.4
722.4
1238.7
1721.2
2991.2
2278.1
2337.6
1511.1
2022.5
105.9
1286.1
752.2
864.8
423.2
1027.4
2834.3
204.4
3009.3
1623.5
1179.1
1269.4
2357.8
484.9
261.1
2157.8
739.5
2743.4
2920
265.2
2967.4
1321.2
112
504.5
339.7
2575.2
883.9
1157.4
2025.8
1360.4
1093.9
2926
128.8
1055.3
752.8
3194.1
2057.6
2052.7
1275.5
1405
56.3
1829.3
767.7
503.7
1694.9
2189.3
557.8
858.8
998.7
1256.7
1776.2
1103.1
912.9
1858.1
1916
2307.9
2826.3
763.2
2945
439.9
1758.9
254.5
1581.6
2836.8
1242
3217.8
2796
1219.9
1299.9
455.8
933.6
2519.4
3051.4
3166.9
2291.8
875.5
3001.7
1498.1
777.3
1922.7
882.9
415
137.7
2381.9
665.1
693.2
946.9
20.7
2384.5
907.5
3239.5
2545.2
454
2908.6
1957.2
2347.6
2486.2
1640
3164
360.7
2374.9
765.5
2148.8
70
308.9
2190.9
523.3
2504.1
186.3
1122.5
158.8
1897.5
1736.9
279.8
1915.7
3017.7
3018.4
2816.2
2716.1
866.2
1101.5
842.5
2529.9
2728.5
57.8
1025.9
1716
515.3
956.7
2578.7
289.7
2860.5
2646.7
1878.6
2496.1
2150.5
1135.2
1292.4
2215.2
2334.2
3233.4
1418.5
1730.3
2348.7
2960
195.8
64.5
2028.8
1906.4
1030.9
139.4
701.1
2395.7
962.6
452.2
2900.9
2209.2
338.4
865.1
1414.2
1633.3
1743.6
1309.9
1235.2
2448.8
336.7
62.8
2211.3
3060.8
2145.8
3163.3
689.9
2159.8
386.9
2478.2
29.1
2005.7
2068
2796.2
1812.9
786
2170.2
3028.8
399.9
1186.4
945.5
2069.5
1799.2
1686.8
946.1
3200.7
1029.2
997
680.9
2404.5
1210.5
1807.7
156.6
1.7
1997.1
1670.4
2431.8
1314.1
1274.3
3059.1
226.9
3177.6
3262.8
935.6
530.7
812.4
1593.2
2806.7
881.3
2047.7
2577.8
277.5
3028.6
1488.4
1539.5
2792.1
593.8
3200.2
362.6
136.6
220.3
1904.1
2060.7
442.4
3000
1423.9
1716.8
433.6
2391.4
41.2
1339.5
1887.4
782.5
1839.1
2453.8
3142.5
2608.7
72.3
695.2
980.5
2563.5
1478.4
1760.3
527.4
2179.2
1519.1
1063.4
2966
1224.7
2407
2157.7
1471.9
474.7
289.3
3162.7
1041.9
1619.5
676
43.1
874.4
1548.5
1591.8
1516.6
847
2819.3
261.7
2854
243.3
1502.8
2131.9
1823.7
1119.5
430.2
2838.4
767.4
849
2478.2
568.9
2691.6
2618.7
2426.8
2876.1
1068
2200.7
839.9
191.4
718.8
2711
2796.8
1169.8
666.5
2571.3
1987.1
533
2539.3
1833.2
1470.9
756.7
1625.9
1569.9
2804.2
867.1
1232.4
2174.8
1723.9
1603.8
883.2
1486.2
735.8
2472.2
2293.8
1853.7
1432.9
621.1
41.6
851.8
3272.1
3115.2
864.3
970.3
1128
275.8
2464.6
3157
1797.6
136.2
1966.8
3157.1
2622.9
2870.4
949.4
1401.6
1556.9
2134.8
1830.9
2790.4
1501.5
316.2
1855.7
737.4
2876.2
106.6
2395.5
466.7
2951
1998.2
490.5
561.8
2456.7
2885.4
6.4
864
1960.9
2430
2778.9
1595.6
1630.4
2546
737.4
2822.7
3252.2
107.8
1468.6
1902.3
1918.5
835.1
77.5
1303.2
2294.9
2029.2
1896.8
1509.1
999.3
1607.2
2348
1223.5
2780.4
768
2290.6
2522.1
2193.1
2031
1208.2
575.3
1734.9
2749.9
691.8
1458.9
1419.2
2227.3
3168.8
1803.6
1257
2869.5
2291.5
13.6
776.2
571.7
2363.5
2296.3
1004
477.9
959.4
1485.2
2872.2
875.8
1604.9
28.8
918.5
1033.9
505.2
2701.5
2286.8
1954.2
1081.7
1256.8
1087.5
142.1
303.4
1096.8
380.6
2348.8
573.7
766.3
2011
2407.6
990
561.9
854
545.7
2075.3
215.3
2004.2
3016.9
737.1
2957.7
2438.3
517.8
2998.9
2310.6
1561.5
857.3
1768.6
1676.6
1826.5
2931.1
2895
477.5
1577.9
578.4
900.9
189.8
291.5
1676.3
751.4
69.9
1979.1
316.5
153.7
3151.3
882.4
2108.2
2532
2305.9
761.8
1128.4
1387.4
2996.3
2754.3
2012.5
2911.7
82.6
3273.2
2088.7
1348.9
1355.6
2461.2
834.5
188.1
2052.5
2410
712.5
235.4
3026.9
2212
1125.6
1773
3043.2
1824.4
1979.4
836.3
2163.3
2151.6
2207.1
601.6
2399.2
218.3
3190.9
1531.9
1.7
2883.4
2435.8
1104
1435.1
2262.6
536.8
2808.5
1700.8
1846
241.2
2987.4
2936.3
432.8
986.8
1075.8
2120.8
3208.3
486.4
1812.2
2877.5
3131.6
184.3
2555.4
3141.1
1958.6
3217.7
3085
572.8
960.3
1710.8
1533.1
259.5
1172
1014.3
715.8
1044.1
2213.5
2353
1620.1
729.1
196.1
1324.7
1760.7
3052.8
3247
2355.7
1378
1145.9
2906.9
1698.7
2421.8
2287.1
1853.7
1338.3
15.7
3128.8
160
3112
501.4
3150.7
1218.9
2813.6
217.4
1556.1
1803.3
2401.4
1712.9
3108.9
1178.1
1093.1
1550.9
1065.2
286.7
3132.4
185.9
2018.8
2991
3008.7
838.9
1831.1
217.5
2299.3
1980.1
402.4
1418.6
2530.3
2770.1
501.5
2449.6
2012.4
3133.1
3042.6
146.9
29.9
1428.7
3009.2
1690.1
294.1
886.3
1690.9
1406.7
655.6
1555.4
111.5
899.4
308.1
2042.8
2420.7
2555.2
1647.5
896.1
682.7
3163.2
1975.4
2244.7
2600.2
2899
1361.1
2451.4
1519.2
696.8
2191.6
1704.2
2681.2
1095.5
509.1
921.5
1790.7
305.2
369.8
1683.2
375.2
2794.5
2174.1
2328.8
3155.2
99.1
2753.5
1383.4
3261
2474.8
762.6
1451.1
2091.9
2666.3
2564.5
1799
843
1735.9
2497.1
2263.5
666
2438.6
1519.4
148.2
915.4
1784
2082.5
2744.5
2957.5
2958.2
626.2
1099.7
2439.1
2881.5
740.6
3030.2
430.8
1787.2
2859.8
2192.7
3234.8
929.8
79.4
869.6
1950.7
2039.8
1501.2
2605.1
3169.9
845.2
1286.3
597.6
310.6
1387.7
15.6
2501.2
2840.3
853
3093.3
2857
3067
1134.8
1211.2
2787.8
1022.8
129.3
1789.5
1282.9
3164.6
2595
1722.1
2004
730.2
298.7
3112.3
2534.7
759.2
602.8
1646.9
174.5
929
787.7
142.2
862.6
876.2
370.5
3127.5
3071.2
136.7
1141.8
2396.6
2235.8
8.2
1987.6
1146.6
671.4
2066.2
474.7
1436.7
3004.4
976.6
1713.7
2586.2
1730.3
381.4
604.5
780.7
1740.1
348.6
234.5
1460
3227.8
1545
3045.8
1990.6
1654.5
840.4
1496.6
2068.7
2822.1
562.2
3134.4
2636.6
321.6
2831.5
2122.3
1604.2
1884.1
1371.8
945.7
2863.9
2746
1202.1
894.6
1017.5
2386.8
3239.1
2792.1
899.6
2073.7
604.3
2097.3
1549.5
927.4
2305.1
193.1
438.5
33.2
12.1
2882
33.5
2820.3
1736.9
1682.9
415.5
1572.9
2257.5
704.6
2629.7
554.9
988.2
2768.7
3211.1
76.5
2677
1171.9
1285.7
1814.3
215.8
2174.4
1966
2310.8
2743.3
83.2
1397.7
2199
189.3
2108.9
2712.4
1353.2
2808
1925.9
2366.9
957.9
973.5
2391.1
2678.2
2358.4
168.8
2736.7
3142.3
745.1
2657.2
1538.1
130.3
2859
2291.7
2863.4
3257.2
1232.7
1578.1
1539.2
2988.5
2967.3
2759.9
474.6
2637.3
2963.4
1700.9
3209.8
166.6
2879.2
1869
1864.3
179.9
1782.9
1831.2
1954.4
497.5
787.7
3055.8
2674
934.8
65.4
1259.6
323.6
1615.9
1036.8
1544.7
2293
2395.2
1964.4
901.1
1319.5
211.1
3023.3
1256.6
2283.5
2498
2520.5
3205.4
2111.1
1051.7
340.1
997.4
1939.6
3118.2
115.2
1008.5
1266.2
1842.2
3265
2355.9
808.4
2503.9
2782
1199.3
3116.2
3067
2677.8
3265.5
1621.4
2866.8
2157.5
1283.2
2869.5
220.4
3199.6
166.8
528.3
359.8
272.8
761.2
1626.5
1022.7
1035.9
2050
677.4
40.2
707.7
1450.1
2141.9
2085.9
1550.9
668.5
3268.6
112.9
156.5
19.5
1721.6
394.9
1206.8
1784.5
2292.8
1159.3
62.4
2238.8
1911.8
284.2
2680.9
2755.5
2617.8
1029.9
2278.6
3226.8
2214.2
2800.5
900.1
1661.2
2440.1
1615.5
1862
2516.8
764.6
390.9
2254.2
1924
2359.6
1282.7
3213.8
1509.8
1974.3
3130
1620
2593.8
1757.5
2463.9
585.4
2975.2
1643.9
1459.5
2392.9
511.5
2136.9
1635.4
1591.6
2769.3
1977.6
3064.3
883.9
1073.5
1043
1003.2
1982
3262.3
792.7
2985.3
617.4
1553.4
2776.5
2577.1
143.5
2599.1
799.7
1653.9
823.6
2686.1
25.9
1015
2181.8
2392.4
2908.2
2038.1
1725.1
2638.6
1783.8
1454.1
1198.1
1079.1
3218.1
2282.1
402.6
2860.4
2691.5
66.7
2850.9
2432.8
252.5
225.1
177.3
2872.9
1944.1
2710.5
2175.1
3185.7
2598.8
3244.2
741.6
385.4
2945.2
3027.8
132.3
2359.8
915.1
824.1
1808
11.4
263.4
1913.8
910.2
2816.3
2605.5
1433.9
612.2
1096.3
3044.1
2819.4
3077.6
1744.6
1369
2639.1
2934.6
699.2
3124
2547.9
979.9
2860.8
2863.5
2583.2
1762.1
1900.5
2538.6
483.9
2927.4
1163.2
1627
410.2
2235.9
1219.5
2117.4
39.4
642.3
2503.2
1007.7
2011.6
1132.6
1017.3
319.3
2318.2
1373.3
2606.2
734.9
1607.2
2800.5
1010.8
2307.4
1827.5
1438.6
908.4
1284.1
1419.1
2737.1
1664.3
3219.7
622.4
2775.8
57.7
2097.5
624.6
1067.3
3076.3
1340.1
1559.7
411.1
908.6
214.2
2742.5
47.9
2636.9
1848.9
323.8
3105.1
2842.6
2418.2
2128.8
1980.8
1286.7
1322.3
2438.3
1980.9
2859
1749.6
2011.7
982.5
1994.3
2131.7
3002.6
1819.2
3268.2
301.8
1807.1
1378.2
450
1039.4
1246.6
335.8
1771
2936.4
2865.8
459.7
746.3
1141.1
747.6
635.5
3248.1
1578.1
3161.3
1144.8
337.6
1279.9
1865.7
1138.7
828.6
2516.7
579.5
2108.7
3262.6
2254.6
2780.5
2301.6
1604.9
1690.3
1533
1431.7
2647
329.9
2576.3
638.1
1967.9
2976.6
2132.7
656.7
1298.4
817.4
3097.4
2813.2
1033.2
849.1
897.6
2703.2
1581.6
2574.6
3022.5
823.3
3009.8
2763.8
406.4
359.9
618.6
2574.8
539.3
15.7
1955.3
2804.6
1166.3
1231.8
643.9
885.9
1344.6
1642
1346.5
1612.4
806.4
668.5
1746.7
2782.6
2478.2
2205.5
2931.3
510.2
1872.9
976.6
3214.9
1607.3
1141.7
3048.3
904.4
2590.9
2011.8
1551.1
373.7
1361.9
2289.3
687.2
1068.7
1107.9
2583
2523.5
3132.9
388.1
2051.6
497.1
2723.6
1043
2938.8
2265.6
876
1671
2698.6
1312.4
2261.8
1762.3
27.2
1857
1487.8
615.4
160
99.2
2090.7
3019.6
3149.9
131.1
339.9
2722.4
3084.3
313.6
1941.3
1538.6
1617.5
2238.5
476.3
2354.3
1517.3
1008.8
2055.3
1112.4
3263.7
2405.6
2079.1
1230.8
3164.2
2736.2
1867.1
174.2
2919.6
3146.9
535.5
1119.8
2887.7
748.1
732.8
2716.3
2087.3
2120
2937.1
215.3
128.1
1548.6
708.2
126.4
1169.7
2326.7
751.8
3031.6
1988.8
531.8
1543.9
2586.2
303.3
3063.6
249.7
1216.3
2154.4
2628.1
1005.4
2066.8
2237.4
1112.7
2547.7
647.8
1178.5
762.1
517.7
1269
879
2171.3
2086.1
3067.2
2605.6
594.5
3027.8
375.9
1374.9
3201.5
260.9
1227.2
1310.3
3076.3
3084.7
598
2922.5
1402.1
1442.9
665.1
98.6
518.7
1904.9
1575.1
10.3
315.1
1214.7
2563.2
2143.6
2564.5
1548.8
2464.1
2092.2
3233.1
2869.3
126.7
2191.2
309.8
1144.2
160.1
2880.3
463.7
3190
1585.1
2752.8
2924.8
1711.9
1033.5
837.2
2877.8
3214.8
1174.8
2853.8
2594.1
3209.6
309.7
2056.4
502.2
1388.5
2959.8
1937.3
2127.2
345.3
1179.3
2252.7
163.8
1870
2463.6
2540.1
378.5
101.3
1550
291.5
1285.4
1949.5
1478.9
1907.6
1015.6
1983.4
869.3
659.6
1581.2
1175.7
349.5
2043
2036.2
3256.1
802.4
1599.2
3162.7
2698.8
491.1
2141.4
2078.3
2949.5
3044
1674.7
2669.7
279.2
769.8
2904.2
586.9
1359.1
985
1833.3
1472.2
111.5
842.3
3069.9
1666.3
1595.7
1280.7
2959.9
3173.9
2097.6
1629.8
1270.3
1959.1
74.2
3230.2
2204.2
1695.9
