332
1626
1009
2946
1624
2459
2918
466
2354
1486
3216
1068
2056
2806
2796
183
2090
1687
3066
831
2790
86
748
153
26
987
362
1509
129
78
1923
2658
1672
1503
1610
700
2368
848
2257
346
2521
1412
2621
637
1032
388
1589
2410
1270
1150
2662
1796
3147
1391
2453
2193
1987
204
978
203
20
52
1069
900
1933
861
1933
1520
323
1490
64
2241
1103
2540
2526
2785
2977
2817
284
923
697
3080
1619
765
1561
2823
1222
1039
374
448
1386
729
613
2248
210
2110
822
1399
976
2682
1199
1184
213
1906
1826
1064
2054
1130
1644
159
13
2969
2380
2266
9
1622
311
1641
2823
3149
2854
2471
147
1671
427
2108
734
2939
2653
823
3161
1567
568
924
534
112
3193
2296
2479
2498
312
3061
2422
1155
3107
2609
54
1797
1369
2578
427
333
2044
3035
1250
1715
945
2548
1266
1778
3241
2677
1954
2211
249
2629
2648
2650
1763
996
673
710
1951
155
3115
2933
999
741
2848
2100
3123
1460
825
2529
1719
1456
1001
2925
69
851
944
2035
3009
3233
2802
2197
1753
2584
2133
664
1977
1042
2211
2797
2670
653
1484
1114
2058
2406
1808
168
376
1586
1491
1752
434
2892
1136
915
1949
1777
2692
2308
435
1325
197
2492
3006
1274
1633
151
3055
2315
1711
2787
1549
1584
712
81
513
2802
2328
293
734
624
409
1592
1351
1950
2265
1232
593
1177
119
2932
1881
1621
609
883
1630
103
1027
2291
2272
705
2495
1361
637
897
1216
2678
1753
2964
2125
315
1662
441
2630
824
2411
2355
593
2969
2812
2375
449
2709
1934
1522
2830
1816
1490
1399
707
177
1511
1213
207
2581
1675
741
646
384
2670
3208
1065
1454
320
547
609
3239
2884
556
1028
2050
2003
3065
1592
2180
3064
986
1247
10
2868
1858
1575
1748
707
1572
2469
780
2820
908
444
2804
1483
3136
1165
1756
112
1376
419
1266
97
2122
802
1049
1084
1863
1968
350
2521
2533
2229
114
2464
2372
1770
301
1130
2073
2671
226
1924
2113
2563
1622
1024
1632
40
2646
861
1005
2095
2177
2536
2068
2570
2647
2668
1583
507
1244
2162
1410
1188
328
3221
1480
3219
704
2101
2293
2907
2009
3083
2714
2915
93
2176
139
728
2374
2082
1711
2904
1882
359
1251
1310
3072
2506
2682
3209
794
1897
1982
2241
2231
1225
1920
1808
3013
997
1088
866
771
255
1993
1198
3212
600
2662
1869
2570
2981
136
625
1305
1439
3086
701
1929
2595
3263
199
3228
2969
1339
1823
948
2082
795
488
2470
3080
3156
2944
1086
201
152
902
1334
3121
2658
972
1688
2458
401
106
3113
1872
441
23
2207
1348
2353
1774
1408
1399
2411
1798
1541
1261
2686
2723
2612
1836
2643
1300
1075
2819
1592
2750
2934
1507
2696
978
1565
2383
993
148
1883
2364
1851
703
440
150
3173
2362
3044
1090
856
2902
2618
479
3264
2656
2162
1911
2810
78
2240
1146
1805
1426
1848
1969
1354
421
858
1041
1320
70
486
1674
2027
3042
3096
76
38
177
1202
725
1445
1469
2891
1145
2399
1498
1585
2730
2927
2291
2910
1020
481
1954
205
2215
3046
3262
1608
2966
1713
2974
258
3168
1518
2939
362
1896
1292
501
520
318
1681
2536
1172
1083
882
973
3088
1774
1545
3275
1512
1418
1509
40
1873
1287
1637
2509
2680
2550
147
2649
997
1716
154
1720
2186
2792
3092
2572
822
1214
1625
185
2932
1088
425
36
785
1128
3050
516
3133
1009
3145
1734
2634
2832
108
3147
3040
434
2072
3222
966
69
327
2860
2238
2921
2517
2865
397
2812
622
476
636
1646
386
1436
365
934
1285
203
3130
1433
1293
488
8
2002
722
2482
1758
230
754
2781
171
2311
434
2155
841
2129
845
1644
2552
2565
577
1792
3233
2939
1045
1876
2702
2666
2480
847
241
744
2604
99
3086
1830
1748
3249
1283
1964
208
3202
354
752
1433
830
1699
3234
275
2960
2504
2535
2678
1388
119
1561
325
1850
580
2573
2319
3106
3134
3245
1547
1597
3041
128
740
501
889
2077
2097
319
1726
2136
288
2256
2063
2190
650
1546
486
2838
841
1945
447
356
349
2364
1632
1515
2324
3237
921
3099
65
3251
2616
2593
1086
1272
3230
3259
2451
308
2959
1434
3077
2129
2564
1201
2738
2479
1752
1645
1377
1744
370
1859
884
1659
2125
1679
21
2926
2477
717
1023
560
3019
3146
2184
1640
1232
1338
1496
30
1190
1503
2052
1568
660
2162
1670
1517
185
1733
44
1214
2695
1743
2618
1764
66
35
2050
2728
394
2755
1654
2646
643
316
2711
3109
1030
1665
384
129
1849
3250
1859
568
463
107
57
1482
1244
660
1717
2935
501
1930
610
1943
1756
1434
1230
2077
474
2457
113
2758
178
516
631
2782
2308
2730
1184
1767
2280
2364
3147
1274
2911
2870
1428
2433
2296
588
725
1806
77
756
667
1975
2131
2228
2767
2552
2069
2586
2028
1209
1499
1660
3020
3187
1574
2716
337
60
1564
2416
2574
1427
2492
1595
405
1664
2448
1736
507
1433
1260
2806
2965
2147
1144
102
1321
1333
1356
2326
844
2104
2947
2995
3129
2450
1996
2777
1756
468
523
1757
2632
920
349
225
2362
257
2549
2377
510
1015
713
2523
2051
3261
487
624
666
1024
1167
551
757
227
1325
1820
47
846
287
482
447
2410
1724
66
1823
1795
1005
2396
486
3082
1912
2116
2743
1904
1757
601
3221
75
319
865
581
3107
1161
2380
330
705
1731
43
1978
803
3095
2921
2168
2540
2915
1633
1205
1691
2530
1607
1995
2418
1591
1886
1941
1048
1258
701
2863
968
2538
2501
130
1378
1098
2799
2327
2624
1176
904
21
342
785
496
491
1299
313
2247
1122
398
3098
878
1919
880
1103
679
1956
822
2741
2901
1563
1723
953
1988
937
1619
842
3035
601
2304
1685
2419
946
2916
209
2961
3017
2919
1704
2306
1201
3132
985
2925
2765
1601
1706
2091
2643
2475
1
416
829
1913
944
388
630
1930
358
735
3033
3133
471
659
976
1016
1768
104
1884
2313
232
262
351
877
1124
323
1408
1668
3124
1220
3143
2852
45
2542
3090
1620
3078
98
2676
2560
2992
3068
2045
2454
3043
2858
2167
2395
2688
1063
3258
1460
610
2451
42
3150
1994
1728
2196
1960
266
1051
1879
950
150
1880
1869
1442
3110
1564
3271
2634
2360
511
808
1401
265
1194
2585
571
298
1564
1123
2849
2741
158
1026
1958
2180
2377
572
589
2888
2620
3111
1192
973
556
1437
2486
1810
14
1172
150
2011
2895
140
1621
1127
2288
2855
1040
1861
303
211
2929
1712
2382
63
1290
366
480
2727
2734
2830
1744
553
320
3272
388
435
3096
1693
1836
970
1809
2320
84
1777
1993
3253
980
2885
1623
1632
2221
2901
1938
908
3069
3025
730
1895
492
2669
977
222
2120
306
506
1357
2888
1702
2126
459
1642
3266
79
490
1294
1828
1911
2729
3276
1865
2287
524
2122
2662
626
2175
774
1962
2014
2380
8
1880
1521
215
2229
1205
2793
2744
2706
2446
2220
824
1927
1387
2686
376
2327
596
1279
661
125
1548
1875
2829
1056
439
254
2548
1935
1312
2473
813
2867
2764
1251
3145
1878
1364
545
1946
738
795
3258
694
3245
1053
3121
2660
1957
2584
514
3170
195
2967
1381
3112
3045
1376
2595
802
1217
1521
1591
2844
2774
2094
839
1260
2207
1460
2384
133
852
2354
2355
2991
923
714
304
1575
1924
112
546
1736
377
3163
669
2592
1968
1707
106
730
1167
2319
998
1117
2955
839
1469
1654
2410
1452
2698
1852
52
541
413
2548
1451
1377
1858
1283
385
2800
2814
2686
2168
1738
1758
2592
1234
1864
2137
1312
2387
2716
1203
1484
3051
892
1563
57
3014
583
1302
1923
1591
2803
2124
2491
2822
58
1173
2775
1746
1535
2718
981
1844
851
2260
1260
663
3203
2167
3268
257
1008
1585
73
2399
1789
51
491
2598
654
162
1822
1860
1124
2862
1137
1080
2885
343
589
272
1228
2723
3152
289
1948
1940
122
3046
1444
742
2507
1320
1327
398
2941
27
712
2931
2168
1073
2752
117
3127
220
1519
1790
1815
157
2165
333
2473
3030
1160
2529
1090
2996
2478
2712
810
1037
3064
2194
3231
340
535
1322
3141
1208
2318
329
2760
2959
692
879
967
2278
1092
1858
3047
2036
2590
986
3170
395
1533
2347
1529
404
2451
2087
1777
89
2350
1539
1553
3245
1330
359
384
1080
2355
2544
1685
999
679
1036
400
226
1147
3253
1814
204
1588
1016
803
2095
196
2903
3119
667
1162
3004
1581
2073
1066
858
1881
909
2417
2212
1034
1025
769
725
97
2375
1649
1323
36
2335
631
120
118
2584
2418
1287
149
1169
2470
2154
2969
163
463
721
2159
1997
1899
2744
530
1922
1784
631
1730
2120
1705
2917
894
2491
1820
1352
1862
182
2690
223
1700
2048
1073
1538
2814
177
1491
1849
3209
3156
1492
2478
2274
1115
1902
470
2115
3097
3256
1343
2489
1857
399
1295
2159
1362
1969
2882
1415
1424
1563
2007
2213
2628
2657
381
672
1372
1150
971
1155
2132
1393
1279
791
377
2327
931
3156
2580
110
2398
152
697
2839
1650
440
332
2160
3273
889
300
2239
1154
2325
3135
1728
1855
2087
148
2979
2293
2416
742
3144
2111
3229
423
2070
1702
1918
3123
1291
719
1496
2072
2827
458
581
2078
1737
2031
2578
574
799
408
1171
434
1956
2319
2416
1421
2880
2544
1238
687
2455
2281
2106
1586
950
870
1681
2256
1920
1930
290
2551
1641
1259
2610
776
2604
815
2327
2428
799
3030
2901
2550
3020
284
395
3245
952
2244
158
1725
874
1246
3147
617
2984
311
912
2118
2954
703
237
1676
1481
1550
1744
1765
2672
157
2635
2456
163
2959
301
2459
604
2961
1419
92
1496
2424
179
1669
2506
612
2348
510
3
2413
3099
2902
1358
411
1866
1955
2190
2619
1494
1884
2414
2740
2827
225
1012
1201
1003
1017
2781
56
1150
2511
3176
1350
767
2939
910
861
2365
679
1143
245
359
2854
3210
23
2533
2314
1257
2988
560
2579
1583
288
2333
1546
3115
2549
1274
415
526
3081
1911
1080
2304
1078
3130
2731
2037
1347
2676
228
80
497
2937
1554
761
662
2969
1372
369
1692
2656
77
2494
3063
682
2094
607
2481
2397
897
479
2765
2847
2457
2666
898
385
2852
1288
298
2863
1231
1240
539
3158
3187
1935
2320
736
716
2135
1554
133
1762
190
537
784
512
1652
260
844
760
2011
1815
3207
3161
2418
612
498
3162
3179
1368
2609
2178
140
1529
1638
164
826
591
47
1628
255
2633
187
3247
2106
717
2375
1692
2227
2217
1381
2912
499
1812
2344
2680
634
535
67
1574
1680
534
1702
1254
3049
1863
738
2611
646
3044
1943
1803
2458
2222
1928
1471
1853
653
2014
385
2510
2088
683
1760
432
3213
2986
197
589
1494
710
612
3149
2475
30
2887
776
447
1280
2324
612
3020
1015
1910
1010
1402
2927
1262
2155
2823
2919
869
323
673
445
2872
2308
2069
1413
1139
3203
1549
2507
853
122
912
860
1370
1432
3253
2552
2260
2501
2560
1784
2306
2206
1770
2497
2224
1741
2026
1855
557
961
2561
823
41
2630
3137
560
797
486
2551
727
927
801
1549
1010
517
945
380
2305
154
817
2580
2322
3043
157
2154
1691
2015
1903
1761
2244
3113
814
3025
439
1499
461
214
189
708
1753
309
2209
796
2842
2410
676
561
2718
2102
32
1627
2460
2870
803
591
2999
1896
27
2901
3213
1128
1057
2058
468
1124
2932
424
702
2358
162
2101
859
974
2425
1755
3182
391
156
1424
1244
2819
241
522
500
2093
2055
939
134
850
2041
1927
2252
1375
1919
442
1430
2983
576
1155
980
1116
445
2621
2408
1380
1865
3152
1320
1092
3128
2724
1768
721
2629
1845
403
1063
1181
3219
1542
2657
900
744
1438
2626
2007
1004
2854
2133
491
2811
1488
15
1106
2884
2099
2147
2762
2388
2591
2436
265
493
628
1064
2081
2103
359
2743
3215
2977
1742
1643
1346
2336
2469
598
1873
2900
1536
2447
1708
2563
1696
1455
2315
3198
3102
1132
2534
1475
1784
1215
2002
289
1635
3060
1775
2409
1123
2418
186
2004
2729
2473
28
1186
3052
2993
2176
1702
1751
1756
1723
2192
361
157
1069
288
2959
3258
339
476
2800
2929
2494
804
2970
3159
76
1933
2729
799
611
1789
865
496
1892
2941
176
3276
398
2505
2138
1680
3048
1532
2077
2824
1019
399
129
852
354
789
2270
2119
2551
429
457
1598
368
1175
1221
748
1
230
3264
1401
515
1469
3223
341
676
266
2260
1074
106
1748
888
1922
2643
2919
551
3137
1944
1863
2662
2031
3087
520
673
2403
1221
1965
1755
722
523
1478
1580
1561
1047
1802
1193
1786
698
2744
2601
2583
2169
2060
3230
1901
3244
373
1252
188
2937
1203
2450
1506
1839
2127
1286
283
2947
914
2216
1331
1169
2818
1491
1136
548
473
2034
974
1531
1005
1290
2808
588
3020
1716
2806
228
1363
182
2252
2900
922
2669
1539
3202
2718
885
288
1043
2513
3049
2058
1036
1232
3048
800
1097
1897
3145
3251
1067
2192
654
2141
1562
3234
1347
279
933
1078
2765
427
3145
1188
360
1995
1842
2728
2259
1427
2579
2758
708
1257
2596
3222
667
1737
3234
1993
1208
3005
576
33
664
1484
3201
2637
3134
1945
2970
952
2241
2707
167
221
1678
1614
2359
2286
2564
3221
3258
2251
756
2712
1875
1876
2794
2367
2688
1286
2018
50
1433
1058
2216
2254
2077
2498
814
1192
774
2112
2602
1215
2035
852
2228
1287
2901
1213
3153
2425
525
2926
1490
2527
1550
3084
2411
1623
206
1632
826
2906
1837
1657
570
3101
3060
2140
515
115
1992
2101
2205
1693
2173
687
179
777
1717
2301
3027
2861
118
1493
488
2232
1126
2597
3254
2224
1551
2944
1993
2581
88
1192
1739
3186
2928
2216
1097
2956
1263
1433
333
564
2301
1943
2811
2000
438
1480
2106
2310
2963
2550
1165
2231
212
2413
150
851
1122
3186
2612
2066
1145
1994
2829
2185
200
1434
701
3004
3162
312
463
1316
2602
1611
305
2466
796
928
1232
2339
1894
2192
2943
1801
1792
945
1953
1247
1609
1656
2334
3224
238
2807
1866
283
1689
3110
28
2249
2534
1915
444
1397
1723
1292
1784
1837
1348
2512
2170
1753
1321
1124
1249
2371
2403
2853
2057
1117
894
2258
94
237
2528
2072
1075
1457
2842
2060
2340
1556
880
2554
2321
2043
52
642
2548
1924
754
1243
1051
3145
836
1383
626
965
1959
2659
1329
1952
1871
398
665
2546
174
1197
325
362
849
987
352
664
3083
1515
2508
1725
2994
647
457
137
1053
1652
1483
3067
1776
3058
1621
35
476
1133
1560
2479
2626
2643
1547
2083
1819
1284
408
1999
1190
647
2445
1461
1017
1051
1616
2703
1313
348
2486
2589
1110
1411
1440
1857
663
1019
789
907
1351
2013
2182
1938
2983
507
2804
2757
3102
3128
3037
2047
1259
3126
3176
1434
3045
3108
1180
1195
618
116
1783
1159
3170
1160
3097
368
2313
1294
521
504
1528
2176
276
80
1231
3220
502
801
3043
661
1014
3253
190
2013
2941
218
1247
2772
377
485
1707
1656
612
2983
3024
1234
2995
3241
176
1414
2490
1174
1331
1469
397
444
676
1682
3101
1149
761
618
1174
2322
2134
2057
1416
2876
915
1375
2584
1094
565
1447
518
964
3123
1657
1874
2521
2552
240
1103
865
1187
2710
1465
530
3089
1232
1957
1057
2034
2872
1440
3025
3151
2786
840
238
887
3218
2270
774
1471
580
2333
3265
2739
2150
1396
597
3096
1242
3152
2949
1625
1854
49
1624
2150
1985
819
3208
2910
433
658
3090
1046
1780
2733
1667
105
2466
1378
1069
615
1472
2891
534
1250
2125
866
368
480
2667
1608
3121
3276
1104
192
2249
3112
2112
2717
2602
2818
2392
1872
758
1913
1230
1345
2295
890
2806
2772
758
2480
1323
1589
1956
1413
685
514
1969
1671
818
1832
2501
319
2354
302
1439
3136
1114
137
2948
1287
1146
2494
1335
485
1380
41
2679
2388
1064
408
2408
185
1938
382
2484
2808
3184
1488
2772
2270
3156
1914
1084
145
641
2990
2017
1127
3102
1228
270
1228
1891
856
810
3062
528
1468
2250
571
313
2272
2544
1694
3177
511
2495
1842
1556
2583
658
2896
2093
2505
1015
414
520
1955
766
1004
408
320
2577
2375
2966
2770
2235
1303
1580
1002
2590
1344
42
885
1481
331
2954
2496
1241
1580
540
238
575
2631
1200
262
34
2169
2965
1649
1531
1876
3082
851
366
1289
2400
1856
2624
1714
2221
3134
877
884
2708
2799
45
988
514
2868
125
1909
1288
1645
1430
2299
2104
954
1312
3274
2090
893
2119
1315
2842
2269
2667
1188
1192
2491
2776
2712
1465
1807
2993
2023
634
2379
2851
471
2989
715
2699
2821
1368
1809
2642
1186
1209
3082
336
1700
1530
2704
848
1911
2569
28
1001
2113
33
142
728
1179
2936
78
587
1144
2216
1467
1920
600
2456
962
1560
1134
1320
3210
863
320
2803
1153
1299
2070
1338
1192
3100
1440
3200
1973
2147
933
2586
1025
1582
2288
1758
287
566
1283
2438
2824
2890
1661
2154
1265
1284
318
1374
2699
3090
2471
2677
2063
715
2559
1257
1219
1664
2696
445
2122
1926
1172
2375
2452
1120
3126
940
780
2157
2305
2529
304
2083
2403
100
1839
2045
674
1454
1321
446
2317
1227
2161
523
1442
727
2015
2947
385
1181
333
1588
3178
2446
2653
2191
2518
1545
2464
181
897
135
1790
2884
41
2195
2182
2890
2601
1178
1045
953
2832
184
358
1537
374
2153
453
760
783
504
2299
1254
851
2263
780
1603
1034
2689
2251
1444
404
2425
2979
2639
82
2565
1077
1740
50
3131
1486
34
2177
2605
1399
167
1114
1083
884
2536
2075
1399
3167
3196
1299
983
186
3229
979
1547
2892
1792
998
3153
488
2482
3222
3221
3140
1943
179
3039
3178
180
253
3054
2762
1528
2244
2585
2024
3109
912
1627
643
2010
1901
729
1867
1622
3127
3173
3141
2501
2950
2320
1688
780
2065
950
2444
2443
420
2874
1025
1117
1980
697
1204
3054
2450
1593
237
1105
2240
278
1547
990
141
45
1185
1680
159
850
1039
440
83
2896
1764
2969
790
425
2173
1060
1583
1024
682
3081
911
2589
2598
1053
520
2561
2637
2215
2913
1054
2152
2307
155
441
981
2257
2883
2296
462
1185
2704
992
100
1887
2036
1097
1519
1038
1305
2124
2171
270
2169
731
2272
538
1898
3083
876
2809
1527
2432
1290
452
2909
3122
1738
2722
909
177
1290
2632
1563
2239
277
716
355
470
2232
1220
599
670
3162
499
2789
1562
1385
2116
2299
447
634
3050
1696
943
356
1896
2915
2430
1585
2952
1973
1599
2692
1550
619
2132
243
3151
1869
657
2071
2600
585
683
2243
2263
1545
3022
386
1993
820
1463
1961
332
2220
1005
23
2153
1342
2232
2850
64
2443
1890
3114
133
657
2415
2148
288
1335
1826
1353
1765
2481
2598
2203
1296
2232
1104
2278
1803
3212
2804
2550
2395
365
1813
253
2165
2738
2810
2228
1513
429
987
290
2730
2564
1243
2508
123
1802
2198
2955
734
1058
3267
198
394
552
2967
2797
2051
2220
835
1016
1105
1690
613
286
1747
1923
864
611
2160
2335
158
1064
2728
777
3022
2037
1331
1508
1326
2485
397
1016
2512
858
2868
502
711
238
2119
524
1446
172
1947
387
2542
1926
2865
373
2613
3093
657
3198
2003
1735
2223
2940
2017
2370
3102
432
94
1386
517
605
3124
3183
2709
1268
880
2010
258
906
387
478
1088
2221
955
2982
3081
2943
866
2580
2720
3074
620
1162
2180
418
2019
2789
1856
293
716
387
3010
1456
1034
541
972
498
1514
1699
151
2972
2934
37
1762
1588
373
544
2107
1484
1230
2729
1468
482
1273
763
2441
1061
3232
219
1085
1274
187
2773
2108
2023
1695
326
2505
859
1990
2002
1074
3156
945
1149
1160
1182
92
820
1808
1055
2450
1568
366
2235
722
1239
1721
2991
2278
2338
1511
2023
106
1286
752
865
423
1027
2834
204
3009
1624
1179
1269
2358
485
261
2158
739
2743
2920
265
2967
1321
112
504
340
2575
884
1157
2026
1360
1094
2926
129
1055
753
3194
2058
2053
1276
1405
56
1829
768
504
1695
2189
558
859
999
1257
1776
1103
913
1858
1916
2308
2826
763
2945
440
1759
254
1582
2837
1242
3218
2796
1220
1300
456
934
2519
3051
3167
2292
876
3002
1498
777
1923
883
415
138
2382
665
693
947
21
2384
907
3240
2545
454
2909
1957
2348
2486
1640
3164
361
2375
766
2149
70
309
2191
523
2504
186
1122
159
1898
1737
280
1916
3018
3018
2816
2716
866
1101
842
2530
2729
58
1026
1716
515
957
2579
290
2860
2647
1879
2496
2151
1135
1292
2215
2334
3233
1418
1730
2349
2960
196
64
2029
1906
1031
139
701
2396
963
452
2901
2209
338
865
1414
1633
1744
1310
1235
2449
337
63
2211
3061
2146
3163
690
2160
387
2478
29
2006
2068
2796
1813
786
2170
3029
400
1186
946
2070
1799
1687
946
3201
1029
997
681
2405
1211
1808
157
2
1997
1670
2432
1314
1274
3059
227
3178
3263
936
531
812
1593
2807
881
2048
2578
278
3029
1488
1540
2792
594
3200
363
137
220
1904
2061
442
3000
1424
1717
434
2391
41
1339
1887
782
1839
2454
3142
2609
72
695
980
2563
1478
1760
527
2179
1519
1063
2966
1225
2407
2158
1472
475
289
3163
1042
1620
676
43
874
1548
1592
1517
847
2819
262
2854
243
1503
2132
1824
1119
430
2838
767
849
2478
569
2692
2619
2427
2876
1068
2201
840
191
719
2711
2797
1170
666
2571
1987
533
2539
1833
1471
757
1626
1570
2804
867
1232
2175
1724
1604
883
1486
736
2472
2294
1854
1433
621
42
852
3272
3115
864
970
1128
276
2465
3157
1798
136
1967
3157
2623
2870
949
1402
1557
2135
1831
2790
1501
316
1856
737
2876
107
2396
467
2951
1998
491
562
2457
2885
6
864
1961
2430
2779
1596
1630
2546
737
2823
3252
108
1469
1902
1918
835
78
1303
2295
2029
1897
1509
999
1607
2348
1224
2780
768
2291
2522
2193
2031
1208
575
1735
2750
692
1459
1419
2227
3169
1804
1257
2870
2291
14
776
572
2363
2296
1004
478
959
1485
2872
876
1605
29
918
1034
505
2701
2287
1954
1082
1257
1088
142
303
1097
381
2349
574
766
2011
2408
990
562
854
546
2075
215
2004
3017
737
2958
2438
518
2999
2311
1561
857
1769
1677
1827
2931
2895
477
1578
578
901
190
291
1676
751
70
1979
317
154
3151
882
2108
2532
2306
762
1128
1387
2996
2754
2013
2912
83
3273
2089
1349
1356
2461
834
188
2053
2410
713
235
3027
2212
1126
1773
3043
1824
1979
836
2163
2152
2207
602
2399
218
3191
1532
2
2883
2436
1104
1435
2263
537
2809
1701
1846
241
2987
2936
433
987
1076
2121
3208
486
1812
2877
3132
184
2555
3141
1959
3218
3085
573
960
1711
1533
260
1172
1014
716
1044
2213
2353
1620
729
196
1325
1761
3053
3247
2356
1378
1146
2907
1699
2422
2287
1854
1338
16
3129
160
3112
501
3151
1219
2814
217
1556
1803
2401
1713
3109
1178
1093
1551
1065
287
3132
186
2019
2991
3009
839
1831
218
2299
1980
402
1419
2530
2770
501
2450
2012
3133
3043
147
30
1429
3009
1690
294
886
1691
1407
656
1555
111
899
308
2043
2421
2555
1647
896
683
3163
1975
2245
2600
2899
1361
2451
1519
697
2192
1704
2681
1095
509
921
1791
305
370
1683
375
2795
2174
2329
3155
99
2753
1383
3261
2475
763
1451
2092
2666
2564
1799
843
1736
2497
2263
666
2439
1519
148
915
1784
2082
2744
2957
2958
626
1100
2439
2882
741
3030
431
1787
2860
2193
3235
930
79
870
1951
2040
1501
2605
3170
845
1286
598
311
1388
16
2501
2840
853
3093
2857
3067
1135
1211
2788
1023
129
1790
1283
3165
2595
1722
2004
730
299
3112
2535
759
603
1647
174
929
788
142
863
876
370
3127
3071
137
1142
2397
2236
8
1988
1147
671
2066
475
1437
3004
977
1714
2586
1730
381
605
781
1740
349
234
1460
3228
1545
3046
1991
1654
840
1497
2069
2822
562
3134
2637
322
2831
2122
1604
1884
1372
946
2864
2746
1202
895
1018
2387
3239
2792
900
2074
604
2097
1550
927
2305
193
438
33
12
2882
34
2820
1737
1683
416
1573
2258
705
2630
555
988
2769
3211
76
2677
1172
1286
1814
216
2174
1966
2311
2743
83
1398
2199
189
2109
2712
1353
2808
1926
2367
958
974
2391
2678
2358
169
2737
3142
745
2657
1538
130
2859
2292
2863
3257
1233
1578
1539
2989
2967
2760
475
2637
2963
1701
3210
167
2879
1869
1864
180
1783
1831
1954
498
788
3056
2674
935
65
1260
324
1616
1037
1545
2293
2395
1964
901
1320
211
3023
1257
2284
2498
2521
3205
2111
1052
340
997
1940
3118
115
1008
1266
1842
3265
2356
808
2504
2782
1199
3116
3067
2678
3266
1621
2867
2158
1283
2870
220
3200
167
528
360
273
761
1626
1023
1036
2050
677
40
708
1450
2142
2086
1551
668
3269
113
156
19
1722
395
1207
1784
2293
1159
62
2239
1912
284
2681
2755
2618
1030
2279
3227
2214
2801
900
1661
2440
1615
1862
2517
765
391
2254
1924
2360
1283
3214
1510
1974
3130
1620
2594
1758
2464
585
2975
1644
1459
2393
512
2137
1635
1592
2769
1978
3064
884
1074
1043
1003
1982
3262
793
2985
617
1553
2776
2577
144
2599
800
1654
824
2686
26
1015
2182
2392
2908
2038
1725
2639
1784
1454
1198
1079
3218
2282
403
2860
2691
67
2851
2433
252
225
177
2873
1944
2710
2175
3186
2599
3244
742
385
2945
3028
132
2360
915
824
1808
11
263
1914
910
2816
2605
1434
612
1096
3044
2819
3078
1745
1369
2639
2935
699
3124
2548
980
2861
2863
2583
1762
1901
2539
484
2927
1163
1627
410
2236
1219
2117
39
642
2503
1008
2012
1133
1017
319
2318
1373
2606
735
1607
2800
1011
2307
1828
1439
908
1284
1419
2737
1664
3220
622
2776
58
2098
625
1067
3076
1340
1560
411
909
214
2743
48
2637
1849
324
3105
2843
2418
2129
1981
1287
1322
2438
1981
2859
1750
2012
982
1994
2132
3003
1819
3268
302
1807
1378
450
1039
1247
336
1771
2936
2866
460
746
1141
748
636
3248
1578
3161
1145
338
1280
1866
1139
829
2517
580
2109
3263
2255
2780
2302
1605
1690
1533
1432
2647
330
2576
638
1968
2977
2133
657
1298
817
3097
2813
1033
849
898
2703
1582
2575
3022
823
3010
2764
406
360
619
2575
539
16
1955
2805
1166
1232
644
886
1345
1642
1347
1612
806
668
1747
2783
2478
2205
2931
510
1873
977
3215
1607
1142
3048
904
2591
2012
1551
374
1362
2289
687
1069
1108
2583
2524
3133
388
2052
497
2724
1043
2939
2266
876
1671
2699
1312
2262
1762
27
1857
1488
615
160
99
2091
3020
3150
131
340
2722
3084
314
1941
1539
1618
2239
476
2354
1517
1009
2055
1112
3264
2406
2079
1231
3164
2736
1867
174
2920
3147
535
1120
2888
748
733
2716
2087
2120
2937
215
128
1549
708
126
1170
2327
752
3032
1989
532
1544
2586
303
3064
250
1216
2154
2628
1005
2067
2237
1113
2548
648
1178
762
518
1269
879
2171
2086
3067
2606
595
3028
376
1375
3201
261
1227
1310
3076
3085
598
2923
1402
1443
665
99
519
1905
1575
10
315
1215
2563
2144
2565
1549
2464
2092
3233
2869
127
2191
310
1144
160
2880
464
3190
1585
2753
2925
1712
1033
837
2878
3215
1175
2854
2594
3210
310
2056
502
1389
2960
1937
2127
345
1179
2253
164
1870
2464
2540
378
101
1550
292
1285
1949
1479
1908
1016
1983
869
660
1581
1176
350
2043
2036
3256
802
1599
3163
2699
491
2141
2078
2950
3044
1675
2670
279
770
2904
587
1359
985
1833
1472
112
842
3070
1666
1596
1281
2960
3174
2098
1630
1270
1959
74
3230
2204
1696
